每幅图像的标定误差：
第1幅图像的平均误差：0.0213458像素
第2幅图像的平均误差：0.0244475像素
第3幅图像的平均误差：0.0217645像素
第4幅图像的平均误差：0.0171708像素
第5幅图像的平均误差：0.0220155像素
第6幅图像的平均误差：0.0265223像素
第7幅图像的平均误差：0.0215695像素
第8幅图像的平均误差：0.0322168像素
第9幅图像的平均误差：0.0225853像素
第10幅图像的平均误差：0.018535像素
总体平均误差：0.0228173像素

相机内参数矩阵：
[602.8950930238897, 0, 326.3735228154646;
 0, 603.8441112603991, 222.3127926419745;
 0, 0, 1]

畸变系数：
[0.002850845712009764, 0.4707166882576947, -9.294620164396898e-05, 0.0007517572848755528, -1.734085688099787]


第1幅图像的旋转向量：
[139.5128555240552;
 93.66504697207165;
 385.5194541472918]
第1幅图像的旋转矩阵：
[0.9213767219254472, 0.3832541308033733, -0.06466225727631252;
 -0.3701992581839502, 0.9160365304007027, 0.154368339407715;
 0.1183952935465348, -0.1182934748563646, 0.9858951304639031]
第1幅图像的平移向量：
[-2.01545431132498;
 2.205302000077137;
 0.1190609770290238]

第2幅图像的旋转向量：
[147.300612550696;
 98.74088059404674;
 397.4435354642903]
第2幅图像的旋转矩阵：
[0.02580776504105685, -0.8241359861439963, 0.5658037076637517;
 0.9931078268010689, -0.04359350613402595, -0.1087954528893592;
 0.1143276152556491, 0.5647118579996395, 0.8173308472243971]
第2幅图像的平移向量：
[-1.954111522291224;
 2.110875994922351;
 0.1903127055386595]

第3幅图像的旋转向量：
[153.1911665451645;
 100.1792278569909;
 395.3618853117185]
第3幅图像的旋转矩阵：
[-0.3466205551680916, -0.6415205958524495, 0.6843285145542908;
 0.8899894353402142, -0.45535323380665, 0.02392148500058;
 0.29626507677715, 0.6173368266667271, 0.7287813435614862]
第3幅图像的平移向量：
[-1.944021332735584;
 2.141365769176852;
 0.06072662942866094]

第4幅图像的旋转向量：
[153.4485775269659;
 91.68983447414737;
 383.5729722683786]
第4幅图像的旋转矩阵：
[-0.384584084671498, -0.6037908889504725, 0.6982346627300771;
 0.854289056143838, -0.5193562848169397, 0.02143030503787186;
 0.3496931374366053, 0.6047359852378096, 0.7155481100444608]
第4幅图像的平移向量：
[-1.96276791309906;
 2.213403859865463;
 -0.08980627487358443]

第5幅图像的旋转向量：
[158.1961089243704;
 92.67166473845253;
 373.7486374469361]
第5幅图像的旋转矩阵：
[0.1147665186296073, -0.8097327337769971, 0.5754663726506275;
 0.9847816751970739, 0.0166290271511083, -0.1729986348271353;
 0.1305132115829076, 0.5865631895252535, 0.7993184135851473]
第5幅图像的平移向量：
[-1.954339810512115;
 2.170028586715663;
 -0.05841279506171103]

第6幅图像的旋转向量：
[165.5150239257909;
 83.98778495460314;
 378.3036659619546]
第6幅图像的旋转矩阵：
[0.9303663264869767, -0.3502909509442789, 0.1082346904909934;
 0.3631831373893575, 0.9209339482614644, -0.1413459290378519;
 -0.05016480095795642, 0.1708125072297202, 0.9840257009442108]
第6幅图像的平移向量：
[-1.92824410569715;
 2.216436467550456;
 -0.06057913059041053]

第7幅图像的旋转向量：
[150.7510715373244;
 99.43394592778547;
 387.8422736635472]
第7幅图像的旋转矩阵：
[0.8620694493421054, -0.4754315945860414, 0.175502317307701;
 0.5012261680148302, 0.8510228934795672, -0.1566281049838573;
 -0.07489054017810362, 0.2229906581967932, 0.9719395934669977]
第7幅图像的平移向量：
[-2.071491652173526;
 2.067582497441411;
 -0.1326616257540732]

第8幅图像的旋转向量：
[156.9532520003705;
 94.47758885079875;
 395.7249484608224]
第8幅图像的旋转矩阵：
[-0.5841055577712885, -0.3776734176922648, 0.7184591059686947;
 0.6614990442566716, -0.7344377228948212, 0.1517242420860284;
 0.4703612567252982, 0.5638829849868798, 0.6788197606243384]
第8幅图像的平移向量：
[-2.035061545887966;
 2.076666610097321;
 -0.1465954769940446]

第9幅图像的旋转向量：
[138.6425426985279;
 87.49127856082919;
 436.8378599725484]
第9幅图像的旋转矩阵：
[0.0328200424520137, -0.8753973634841412, 0.4822886073902871;
 0.9936136594006533, -0.0235447570751034, -0.1103518929004709;
 0.1079571242016508, 0.4828303018859616, 0.8690340378344341]
第9幅图像的平移向量：
[-1.83702473945212;
 1.955937432815591;
 0.2063991447504821]

第10幅图像的旋转向量：
[127.5472790241392;
 81.96929844449744;
 494.870858286996]
第10幅图像的旋转矩阵：
[-0.6022072324428136, -0.6107628748543072, 0.5141159012258508;
 0.7439102525377366, -0.6630142462020435, 0.08372362571208297;
 0.2897308843786039, 0.4328750628447403, 0.8536247387490323]
第10幅图像的平移向量：
[-1.77901072666658;
 1.875738181124715;
 0.3156996738257749]


