相机相关参数：
1.内外参数矩阵:
大小：[3 x 3]
[941.6089434715699, 0, 283.1720435538372;
 0, 943.2332010181707, 233.1895093869544;
 0, 0, 1]
2.畸变系数：
大小：[5 x 1]
[-0.3850351088193635, 24.62658456912831, -0.02110453422006055, -0.02486322266992102, -614.9173357068872]

图像相关参数：
第1幅图像的旋转向量：
[2.231774640505918;
 2.236153458233317;
 -0.03872765693465424]
第1幅图像的旋转矩阵：
[-0.002029353040077675, 0.9995473243712941, -0.03001712958338386;
 0.9999873029462897, 0.001889960739817176, -0.004671401781856342;
 -0.0046125559556832, -0.03002622837768475, -0.9995384684628035]
第1幅图像的平移向量：
[-22.54128926956696;
 -22.47267053803164;
 302.1878914852957]
第2幅图像的旋转向量：
[-1.78245494430393;
 -2.215222873005676;
 0.3304304780146653]
第2幅图像的旋转矩阵：
[-0.2007749072041266, 0.9133528523462879, -0.3542259219030611;
 0.9769688298907688, 0.2133511822817493, -0.003630212230786078;
 0.07225885453725006, -0.3467965399623801, -0.9351528312586589]
第2幅图像的平移向量：
[-14.71759511875712;
 -29.25003305294479;
 310.7012506675518]
第3幅图像的旋转向量：
[-2.203915058848012;
 -1.80946403364539;
 0.4476977316536191]
第3幅图像的旋转矩阵：
[0.179443490515738, 0.9026410382760562, -0.3912022363579378;
 0.9809183343746711, -0.1944154615314954, 0.001360001881175771;
 -0.07482816982359977, -0.3839814895765409, -0.9203037328314122]
第3幅图像的平移向量：
[-23.89164142613675;
 -15.11924852425378;
 315.2403915243506]
第4幅图像的旋转向量：
[-2.457644267114476;
 -1.891718013128893;
 -0.03021975150069136]
第4幅图像的旋转矩阵：
[0.2560808616957523, 0.9666135588576737, -0.008990000315012483;
 0.9658331854316841, -0.2554684962137682, 0.04361313289781298;
 0.03986038374185014, -0.01985132929500365, -0.9990080452795032]
第4幅图像的平移向量：
[-27.82893693165938;
 -12.56038724396943;
 299.8651357946176]
第5幅图像的旋转向量：
[-1.47328962574025;
 -1.513667563389751;
 0.9847670696187513]
第5幅图像的旋转矩阵：
[-0.01388475214414264, 0.3870234062587258, -0.9219653446121437;
 0.9997079223922066, 0.0236140009982696, -0.005142845818352282;
 0.01978088886155904, -0.9217674663193245, -0.3872382399390583]
第5幅图像的平移向量：
[-2.31937818140724;
 -23.42167847049513;
 307.3271550099488]
第6幅图像的旋转向量：
[1.864490473396288;
 1.780449584360724;
 0.6594049262742423]
第6幅图像的旋转矩阵：
[0.03951200473381433, 0.7699519564419124, 0.6368773714406776;
 0.9990517171878173, -0.04210674136104176, -0.01107649385087239;
 0.01828846264695683, 0.6367110860533418, -0.7708855459993947]
第6幅图像的平移向量：
[-15.22261206356514;
 -20.89405029814714;
 278.1742158234294]
第7幅图像的旋转向量：
[2.022591116091906;
 1.744648676232147;
 0.620261284709431]
第7幅图像的旋转矩阵：
[0.1239792862001173, 0.8136517239817702, 0.567978880465465;
 0.9895876269593784, -0.1435586855135216, -0.01035530697450887;
 0.07311268810689428, 0.5633487160499464, -0.8229779820643204]
第7幅图像的平移向量：
[-18.91092768383199;
 -17.0970046268985;
 278.7158092991789]
第8幅图像的旋转向量：
[2.041835938100086;
 2.374148965279618;
 -0.02055551394953416]
第8幅图像的旋转矩阵：
[-0.1496642925719884, 0.9887364746761093, -0.0008849711781113876;
 0.9886035737127162, 0.1496293589125794, -0.01655382112555815;
 -0.01623494907206634, -0.003352401597433572, -0.9998625844745651]
第8幅图像的平移向量：
[-18.51590322289062;
 -27.32618547380074;
 299.8551204420821]
第9幅图像的旋转向量：
[-1.530328963878206;
 -2.248738314271043;
 0.3878126144490247]
第9幅图像的旋转矩阵：
[-0.3266990980905434, 0.822591057337591, -0.4654155688146344;
 0.9309664023012352, 0.365009044098242, -0.008363941223043986;
 0.1630007886272961, -0.4360187497283939, -0.8850527627165331]
第9幅图像的平移向量：
[-8.475642991772595;
 -33.44506293788245;
 311.7599580164604]
第10幅图像的旋转向量：
[1.394267851390603;
 1.920320326357636;
 0.6292117281983867]
第10幅图像的旋转矩阵：
[-0.2014972650396106, 0.6253400356741771, 0.7538890448630859;
 0.950224224495846, 0.311535234691524, -0.004440802513678288;
 -0.2376400121251157, 0.7154688234498525, -0.6569867481985148]
第10幅图像的平移向量：
[-5.240567128298872;
 -32.32422188696789;
 255.7129070218686]
第11幅图像的旋转向量：
[2.040591405974038;
 1.60836581717162;
 0.7458394185054884]
第11幅图像的旋转矩阵：
[0.1803942338618106, 0.7386975732916736, 0.649448855262986;
 0.9729538885793736, -0.2308726104111293, -0.007653003346841825;
 0.1442866975423803, 0.6332643468370405, -0.7603667640930725]
第11幅图像的平移向量：
[-17.65590137593492;
 -13.64272699445656;
 274.4342201295115]
第12幅图像的旋转向量：
[1.934403310459152;
 1.914656836337342;
 -0.3976807332564414]
第12幅图像的旋转矩阵：
[0.02728079537911365, 0.9972032534932785, 0.06958038104165937;
 0.8870126914902551, 0.0079474520453654, -0.4616766434867587;
 -0.4609384376884793, 0.07431358710495814, -0.8843151290308775]
第12幅图像的平移向量：
[-23.20464947391792;
 -20.08543960366517;
 308.0917949429045]
第13幅图像的旋转向量：
[-1.890807515771555;
 -1.860954721428483;
 -0.3302450591796882]
第13幅图像的旋转矩阵：
[0.05418372498806701, 0.9873877254530905, -0.1487602217361552;
 0.8759106415539823, 0.02452929516401292, 0.4818494180667316;
 0.4794211843034355, -0.1564090576128162, -0.8635343274808258]
第13幅图像的平移向量：
[-23.65890087738024;
 -19.9080216134116;
 292.5520455945466]
每幅图像的标定误差：
第1幅图像的平均误差：0.266131像素
第2幅图像的平均误差：0.0559788像素
第3幅图像的平均误差：0.0804713像素
第4幅图像的平均误差：0.125115像素
第5幅图像的平均误差：0.052938像素
第6幅图像的平均误差：0.0784466像素
第7幅图像的平均误差：0.0606917像素
第8幅图像的平均误差：0.0593994像素
第9幅图像的平均误差：0.0664617像素
第10幅图像的平均误差：0.09923像素
第11幅图像的平均误差：0.055643像素
第12幅图像的平均误差：0.0815828像素
第13幅图像的平均误差：0.0508465像素
总体平均误差：0.087149像素
