相机相关参数：
1.内外参数矩阵:
大小：[3 x 3]
[941.6089434954396, 0, 283.1720433483424;
 0, 943.2332010095959, 233.1895095709985;
 0, 0, 1]
2.畸变系数：
大小：[5 x 1]
[-0.3850351141878381, 24.6265848488491, -0.0211045342297831, -0.02486322262701351, -614.9173388532211]

图像相关参数：
第1幅图像的旋转向量：
[2.2317746392868;
 2.236153457070153;
 -0.03872765604994838]
第1幅图像的旋转矩阵：
[-0.002029353074718632, 0.9995473244188386, -0.03001712799784906;
 0.9999873029424684, 0.001889960757434195, -0.004671402592748029;
 -0.004612556768897704, -0.03002622679386278, -0.9995384685066289]
第1幅图像的平移向量：
[-2.254128920201893;
 -2.247267059821827;
 30.21878914430887]
第2幅图像的旋转向量：
[-1.782454944101957;
 -2.215222872830493;
 0.3304304779671308]
第2幅图像的旋转矩阵：
[-0.2007749071896757, 0.9133528522772268, -0.3542259220893229;
 0.9769688298777056, 0.2133511823444491, -0.00363021206154554;
 0.07225885475402605, -0.3467965401056928, -0.935152831188762]
第2幅图像的平移向量：
[-1.471759505130927;
 -2.925003311341008;
 31.07012506651134]
第3幅图像的旋转向量：
[-2.203915058603607;
 -1.809464033509313;
 0.4476977316913821]
第3幅图像的旋转矩阵：
[0.1794434905007819, 0.9026410381954317, -0.391202236550827;
 0.9809183343877246, -0.1944154614644978, 0.001360002043645864;
 -0.07482816968834827, -0.3839814897999898, -0.920303732749179]
第3幅图像的平移向量：
[-2.38916413577081;
 -1.511924858533157;
 31.52403915261554]
第4幅图像的旋转向量：
[-2.457644267154974;
 -1.891718013156663;
 -0.03021975147865679]
第4幅图像的旋转矩阵：
[0.2560808616968826, 0.9666135588575444, -0.008990000296708945;
 0.9658331854330866, -0.2554684962165706, 0.04361313285033746;
 0.0398603837006048, -0.01985132926522982, -0.9990080452817405]
第4幅图像的平移向量：
[-2.78289368660845;
 -1.256038730262291;
 29.98651357904428]
第5幅图像的旋转向量：
[-1.473289625452492;
 -1.513667563282524;
 0.9847670695725607]
第5幅图像的旋转矩阵：
[-0.01388475213279272, 0.3870234060546342, -0.9219653446979883;
 0.9997079223884169, 0.02361400117667789, -0.005142845735844226;
 0.01978088906105463, -0.921767466400446, -0.3872382397357687]
第5幅图像的平移向量：
[-0.2319378114433631;
 -2.342167853029227;
 30.7327155003568]
第6幅图像的旋转向量：
[1.864490473657077;
 1.780449584479298;
 0.6594049262991847]
第6幅图像的旋转矩阵：
[0.03951200474306349, 0.7699519565705002, 0.6368773712846469;
 0.9990517171840931, -0.04210674148731308, -0.01107649370670816;
 0.01828846283038127, 0.6367110858894939, -0.7708855461303729]
第6幅图像的平移向量：
[-1.522261200286546;
 -2.089405035226424;
 27.81742158171944]
第7幅图像的旋转向量：
[2.02259111635037;
 1.744648676342562;
 0.6202612847172196]
第7幅图像的旋转矩阵：
[0.1239792862204502, 0.8136517240913187, 0.5679788803040939;
 0.9895876269448162, -0.1435586856248653, -0.01035530682250574;
 0.07311268826951203, 0.5633487158633501, -0.8229779821776033]
第7幅图像的平移向量：
[-1.89109276229456;
 -1.709700468112661;
 27.87158092939267]
第8幅图像的旋转向量：
[2.041835938230528;
 2.374148965424114;
 -0.02055551371125311]
第8幅图像的旋转矩阵：
[-0.1496642925693039, 0.9887364746764736, -0.0008849712247370935;
 0.9886035737171636, 0.1496293589099482, -0.01655382088372102;
 -0.01623494882598495, -0.003352401607293019, -0.9998625844785278]
第8幅图像的平移向量：
[-1.851590315771495;
 -2.732618553214759;
 29.98551204311504]
第9幅图像的旋转向量：
[-1.530328963671796;
 -2.248738314078929;
 0.3878126143697445]
第9幅图像的旋转矩阵：
[-0.3266990980533717, 0.8225910572442512, -0.4654155690056989;
 0.930966402270788, 0.3650090441797962, -0.008363941052945439;
 0.1630007888756952, -0.4360187498362159, -0.885052762617667]
第9幅图像的平移向量：
[-0.8475642923985928;
 -3.344506299862498;
 31.17599580113895]
第10幅图像的旋转向量：
[1.394267851634733;
 1.920320326507167;
 0.6292117282751417]
第10幅图像的旋转矩阵：
[-0.2014972650857778, 0.625340035827268, 0.7538890447237597;
 0.9502242245430053, 0.3115352345494572, -0.004440802389124587;
 -0.2376400118973996, 0.7154688233779065, -0.6569867483592327]
第10幅图像的平移向量：
[-0.5240567072639098;
 -3.23242219367273;
 25.57129070131857]
第11幅图像的旋转向量：
[2.040591406249426;
 1.608365817264154;
 0.7458394184995627]
第11幅图像的旋转矩阵：
[0.1803942338972421, 0.7386975734183049, 0.6494488551091115;
 0.9729538885509398, -0.2308726105355846, -0.007653003207263087;
 0.1442866976898196, 0.6332643466439531, -0.7603667642259057]
第11幅图像的平移向量：
[-1.765590131598263;
 -1.364272704784551;
 27.44342201250734]
第12幅图像的旋转向量：
[1.934403310621669;
 1.914656836574356;
 -0.3976807332811637]
第12幅图像的旋转矩阵：
[0.02728079528881766, 0.9972032535080149, 0.0695803808658719;
 0.8870126915850873, 0.007947452028894575, -0.4616766433048435;
 -0.4609384375113328, 0.07431358690898046, -0.8843151291396821]
第12幅图像的平移向量：
[-2.320464940718547;
 -2.00854396637948;
 30.8091794941537]
第13幅图像的旋转向量：
[-1.890807515623135;
 -1.860954721202663;
 -0.3302450591312039]
第13幅图像的旋转矩阵：
[0.05418372508982106, 0.9873877254211982, -0.1487602219107741;
 0.8759106414681548, 0.02452929518778668, 0.4818494182215389;
 0.4794211844487432, -0.1564090578104174, -0.8635343273643623]
第13幅图像的平移向量：
[-2.365890081376355;
 -1.990802167044163;
 29.25520455957329]
每幅图像的标定误差：
第1幅图像的平均误差：0.266131像素
第2幅图像的平均误差：0.0559788像素
第3幅图像的平均误差：0.0804713像素
第4幅图像的平均误差：0.125115像素
第5幅图像的平均误差：0.052938像素
第6幅图像的平均误差：0.0784466像素
第7幅图像的平均误差：0.0606917像素
第8幅图像的平均误差：0.0593994像素
第9幅图像的平均误差：0.0664617像素
第10幅图像的平均误差：0.09923像素
第11幅图像的平均误差：0.055643像素
第12幅图像的平均误差：0.0815828像素
第13幅图像的平均误差：0.0508465像素
总体平均误差：0.087149像素
